20141110141859 200 21008 ZN3SGCW7QN5MSFZXJFDZD4XLA4BAZ43Q
20141110144723 200 20996 O5KHN37KU7YO3R3FU552L2WJKGYMGAWT
20150801191337 200 30592 7J5YLT5LOWNM5VWKWSURAJSZCVRIXOU3
20150804041205 200 30583 K2LLCFFTVEDBEANALXDQAC6F2IEZIK3L
20160305022730 301 463 3I42H3S6NNFQ2MSVX7XZKYAYSCX5QBYJ
20160317123236 200 28574 T37JDE7IU35WK45LKOWSU6WOUYAXHPTK
20170516131237 301 464 3I42H3S6NNFQ2MSVX7XZKYAYSCX5QBYJ
20170710155202 301 430 3I42H3S6NNFQ2MSVX7XZKYAYSCX5QBYJ
20170913003128 301 691 3I42H3S6NNFQ2MSVX7XZKYAYSCX5QBYJ
20171001033420 200 10145 XLWVBBU65Y7V5WSKEGQ4V6XOJIZHNUX5
20171021030957 301 461 3I42H3S6NNFQ2MSVX7XZKYAYSCX5QBYJ
20180327140314 - 457 3I42H3S6NNFQ2MSVX7XZKYAYSCX5QBYJ
20180425171154 200 9510 FFOMYBXA23CDVIRFHFH2LGKPAIWJJ56P
20180617232621 301 379 3I42H3S6NNFQ2MSVX7XZKYAYSCX5QBYJ
20180805081951 - 456 3I42H3S6NNFQ2MSVX7XZKYAYSCX5QBYJ
20180818044806 200 9809 B4LQ5UQBA6G746DNUDWSKRCHW57HY4QQ
20181007151247 301 380 3I42H3S6NNFQ2MSVX7XZKYAYSCX5QBYJ
20181228112656 - 454 3I42H3S6NNFQ2MSVX7XZKYAYSCX5QBYJ
20190124234605 200 9802 37GMGWG77NU6KFTMAV52HQMLWGMEJ5RY
20190215023632 301 380 3I42H3S6NNFQ2MSVX7XZKYAYSCX5QBYJ
20190812091620 - 454 3I42H3S6NNFQ2MSVX7XZKYAYSCX5QBYJ
20191208131834 200 9995 37GMGWG77NU6KFTMAV52HQMLWGMEJ5RY
20210726133724 200 12458 DZE7JK6XQB2OTQ4CDMRRVQWXFBTPDU4P
20210920232524 200 12458 DZE7JK6XQB2OTQ4CDMRRVQWXFBTPDU4P
20211208080613 301 391 3I42H3S6NNFQ2MSVX7XZKYAYSCX5QBYJ
20220123092713 200 16020 JJMTRJ7U4NHIEHEKBVZPRCZEI2CKXS37
20220127121035 200 15947 W4GRIXPNT7WGXYGZW7XIURO7FLTW2OBP
20220813032851 200 15943 CYX76GNOVF7GNLTNLUT43HIBGS77Q2KH
20220927070205 200 15906 NUPNKNXKSHCGQ2MCYCNOAXGPUCROAWYA
20221128151856 200 15913 RFLMXIS2Q2CD22MZSONAIDJD3YOWRSXS
20230128070452 200 15912 RFLMXIS2Q2CD22MZSONAIDJD3YOWRSXS
20231030022731 301 521 3I42H3S6NNFQ2MSVX7XZKYAYSCX5QBYJ
20240416191623 301 522 3I42H3S6NNFQ2MSVX7XZKYAYSCX5QBYJ
20240416191639 301 526 3I42H3S6NNFQ2MSVX7XZKYAYSCX5QBYJ
20240416191643 200 16345 EZKBKTFEQRFGD4UHLY42BOOKGAU36YQM
20240522210007 200 16838 6G2CE27ERPCQKF6VSCBCYATFPP7UGURR
20240622193930 200 16844 S77AQGS5OFXBDYLMRO3D373OJWSCOQPE
20240914073951 200 16891 GCT5O6FTQYHVJIYXZZS57EOG6EQ54JIN
20241005185915 200 16891 Z2OZG5KDIXD6GYMRCMGU7DW7XFETLH2X
20241112130627 200 16892 M2IB5EJD3KTNKHE5F6VBT2V7Z422JDDP
20241213025800 200 14460 GRJOAJJYQYNMSY2OFE6EJCYSVTDNB5IT
20250116053047 200 14456 TBYN6T7G7WAED5X4ZKJ37G6XYTPTCC5T
20250213032411 200 14460 QTQ6DWP4IYNIRXAOQU4AURGHFGQSMGJP
20250322221031 200 14683 4IP56TEOQEF5IBRSFWDXZ7LJXJKBZX6Z
20250427002806 200 14683 453P7YAWELQDQ7RUAKLYJGLM5TATPEWE
20250524004319 200 14683 CUSHGFV6CVZZEOBBRU2KGIGESHV3KXPS
20250618211210 200 14682 VEJIQ2QCYSFAOCBU6VPB2JGZXN2W255Z
20250709155649 200 14685 QEVKHNSCUKC64WCUDNRDY3GSULI6YAYF
20250813102557 200 14687 MQ6DAPV6ATTUGC2QSUGJGG7JMMSXH72W
20250815155700 301 273 3I42H3S6NNFQ2MSVX7XZKYAYSCX5QBYJ
20250905124822 200 14682 43CSOR53JQUDNF5ESNMAFOVTNA5UQLM7
20251014135126 200 14685 LQGA3HZMU7Q3375KBN4I6VUVJERLYK4K
20251115000151 200 14836 HGSHYDMTJPBR5RWK6PK2OMLAF2CLZ6AT
20251209020952 200 14834 KQYUFNEERHZ7ESMTBTI63VS3M4UOEVOH
20260119205559 200 26169 NKAU6ZL5LGN2R5IMKKS5NH6IE2OAAEST
20260214230812 200 47375 GILSORQR6R5YJC75M3ZDVEYWACKZADJJ
20260313173208 200 47038 JO46JSWD7V7H23IUNDKK2I3LJYFUSKBE
20260411022113 200 47370 JYYJRAKBND3SLV4MPISOVKKIKNM3MMRQ
20260512220051 200 47498 V5ZIJVIHOK5ZY4VVMIJIXH5227B2H6IU
20260610154026 200 47879 X26VLUPG6OLNUW6TQNH56L6YWK2ENRLT
